[[4.2508],
[4.2850],
[4.3202],
[4.3562],
[4.3932],
[4.4312],
[4.4529],
[4.4664],
[4.4803],
[4.4946],
[4.5094],
[4.5245],
[4.5402],
[4.5563],
[4.5728],
[4.5898],
[4.5641],
[4.5319],
[4.5005],
[4.4699],
[4.4400],
[4.4108],
[4.3824],
[4.3546],
[4.3276],
[4.3011],
[4.2753],
[4.2502],
[4.2256],
[4.2017],
[4.1783],
[4.1555],
[4.1333],
[4.1116],
[4.0904],
[4.0697],
[4.0496],
[4.0300],
[4.0108],
[3.9921],
[3.9739],
[3.9562],
[3.9389],
[3.9221],
[3.9057],
[3.8897],
[3.8741],
[3.8590],
[3.8442],
[3.8299],
[3.8159],
[3.8023],
[3.7892],
[3.7763],
[3.7639],
[3.7518],
[3.7401],
[3.7287],
[3.7176],
[3.7069],
[3.6966],
[3.6866],
[3.6769],
[3.6675],
[3.6584],
[3.6497],
[3.6413],
[3.6332],
[3.6254],
[3.6179],
[3.6107],
[3.6038],
[3.5972],
[3.5908],
[3.5848],
[3.5791],
[3.5736],
[3.5685],
[3.5636],
[3.5590],
[3.5546],
[3.5506],
[3.5468],
[3.5433],
[3.5297],
[3.5049],
[3.4806],
[3.4570],
[3.4340],
[3.4115],
[3.3895],
[3.3681],
[3.3472],
[3.3268],
[3.3068],
[3.2874],
[3.2685],
[3.2500],
[3.2319],
[3.2143],
[3.1971],
[3.1803],
[3.1640],
[2.8560],
[2.5119],
[2.2419],
[2.0244],
[1.8455],
[1.6958],
[1.5687],
[1.4594],
[1.3644],
[1.2811],
[1.2075],
[1.1420],
[1.0833],
[1.0304],
[0.9825],
[0.9389],
[0.8991],
[0.8626],
[0.8290],
[0.7979],
[0.7692],
[0.7425],
[0.7177],
[0.6945],
[0.6728],
[0.6525],
[0.6334],
[0.6154],
[0.5985],
[0.5825],
[0.5674],
[0.5531],
[0.5396],
[0.5267],
[0.5145],
[0.5028],
[0.4917],
[0.4812],
[0.4711],
[0.4614],
[0.4522],
[0.4433],
[0.4349],
[0.4268],
[0.4190],
[0.4115],
[0.4043],
[0.3974],
[0.3907],
[0.3843],
[0.3782],
[0.3722],
[0.3665],
[0.3609],
[0.3556],
[0.3504],
[0.3454],
[0.3406],
[0.3359],
[0.3314],
[0.3271],
[0.3228],
[0.3187],
[0.3147],
[0.3109],
[0.3071],
[0.3035],
[0.3000],
[0.2966],
[0.2932],
[0.2900],
[0.2869],
[0.2838],
[0.2809],
[0.2780],
[0.2752],
[0.2725],
[0.2698],
[0.2672],
[0.2647],
[0.2623],
[0.2599],
[0.2576],
[0.2553],
[0.2531],
[0.2509],
[0.2489],
[0.2468],
[0.2448],
[0.2429],
[0.2410],
[0.2392],
[0.2374],
[0.2356],
[0.2339],
[0.2322],
[0.2306],
[0.2290],
[0.2275],
[0.2259],
[0.2245],
[0.2230],
[0.2216],
[0.2203],
[0.2189],
[0.2176],
[0.2163],
[0.2151],
[0.2139],
[0.2127],
[0.2115],
[0.2104],
[0.2093],
[0.2082],
[0.2072],
[0.2062],
[0.2052],
[0.2042],
[0.2033],
[0.2023],
[0.2015],
[0.2006],
[0.1997],
[0.1989],
[0.1981],
[0.1973],
[0.1965],
[0.1958],
[0.1951],
[0.1944],
[0.1937],
[0.1930],
[0.1924],
[0.1917],
[0.1911],
[0.1905],
[0.1899],
[0.1894],
[0.1889],
[0.1883],
[0.1878],
[0.1873],
[0.1869],
[0.1864],
[0.1860],
[0.1855],
[0.1851],
[0.1848],
[0.1844],
[0.1840],
[0.1837],
[0.1833],
[0.1830],
[0.1827],
[0.1824],
[0.1822],
[0.1819],
[0.1817],
[0.1814],
[0.1812],
[0.1810],
[0.1808],
[0.1807],
[0.1805],
[0.1804],
[0.1803],
[0.1801],
[0.1800],
[0.1799],
[0.1799],
[0.1798],
[0.1798],
[0.1797],
[0.1797],
[0.1797],
[0.1797],
[0.1797],
[0.1798],
[0.1798],
[0.1799],
[0.1800],
[0.1801],
[0.1802],
[0.1803],
[0.1804],
[0.1806],
[0.1807],
[0.1809],
[0.1811],
[0.1813],
[0.1815],
[0.1818],
[0.1820],
[0.1823],
[0.1825],
[0.1828],
[0.1831],
[0.1835],
[0.1838],
[0.1841],
[0.1845],
[0.1849],
[0.1853],
[0.1857],
[0.1861],
[0.1866],
[0.1871],
[0.1875],
[0.1880],
[0.1885],
[0.1891],
[0.1896],
[0.1902],
[0.1908],
[0.1914],
[0.1920],
[0.1927],
[0.1933],
[0.1940],
[0.1947],
[0.1954],
[0.1962],
[0.1969],
[0.1977],
[0.1985],
[0.1993],
[0.2002],
[0.2011],
[0.2020],
[0.2029],
[0.2038],
[0.2048],
[0.2058],
[0.2068],
[0.2078],
[0.2089],
[0.2100],
[0.2111],
[0.2123],
[0.2135],
[0.2147],
[0.2159],
[0.2172],
[0.2185],
[0.2199],
[0.2213],
[0.2227],
[0.2241],
[0.2256],
[0.2271],
[0.2287],
[0.2303],
[0.2319],
[0.2336],
[0.2353],
[0.2371],
[0.2389],
[0.2408],
[0.2427],
[0.2446],
[0.2467],
[0.2487],
[0.2508],
[0.2530],
[0.2552],
[0.2575],
[0.2599],
[0.2623],
[0.2648],
[0.2674],
[0.2700],
[0.2727],
[0.2755],
[0.2783],
[0.2812],
[0.2843],
[0.2874],
[0.2906],
[0.2939],
[0.2973],
[0.3008],
[0.3044],
[0.3081],
[0.3119],
[0.3159],
[0.3199],
[0.3242],
[0.3285],
[0.3330],
[0.3376],
[0.3425],
[0.3474],
[0.3526],
[0.3579],
[0.3634],
[0.3692],
[0.3751],
[0.3813],
[0.3877],
[0.3943],
[0.4012],
[0.4084],
[0.4159],
[0.4237],
[0.4318],
[0.4403],
[0.4492],
[0.4585],
[0.4682],
[0.4783],
[0.4889],
[0.5001],
[0.5118],
[0.5242],
[0.5372],
[0.5508],
[0.5653],
[0.5806],
[0.5967],
[0.6139],
[0.6321],
[0.6515],
[0.6721],
[0.6942],
[0.7178],
[0.7432],
[0.7705],
[0.7999],
[0.8317],
[0.8662],
[0.9038],
[0.9449],
[0.9899],
[1.0396],
[1.0946],
[1.1558],
[1.2244],
[1.3018],
[1.3897],
[1.4905],
[1.6072],
[1.7438],
[1.9060],
[2.1017],
[2.3423],
[2.6454],
[3.0388],
[3.5700],
[4.3267],
[5.4911],
[7.5136],
[10.0000],
[10.0000],
[10.0000],
[10.0000],
[10.0000],
[10.0000],
[10.0000],
[10.0000],
[10.0000],
[10.0000],
[10.0000],
[10.0000],
[10.0000],
[10.0000],
[10.0000],
[10.0000],
[10.0000],
[10.0000],
[10.0000],
[10.0000],
[10.0000],
[10.0000],
[10.0000],
[10.0000],
[10.0000],
[10.0000],
[10.0000],
[10.0000],
[10.0000],
[10.0000],
[10.0000],
[10.0000],
[10.0000],
[10.0000],
[10.0000],
[10.0000],
[10.0000],
[10.0000],
[9.9607],
[9.7029],
[9.4589],
[9.2276],
[9.0079],
[8.7992],
[8.6006],
[8.4114],
[8.2310],
[8.0587],
[7.8941],
[7.7368],
[7.5861],
[7.4418],
[7.3034],
[7.1706],
[7.0431],
[6.9206],
[6.8028],
[6.6895],
[6.5804],
[6.4753],
[6.3739],
[6.2762],
[6.1819],
[6.0909],
[6.0030],
[5.9180],
[5.8359],
[5.7564],
[5.6795],
[5.6051],
[5.5330],
[5.4632],
[5.3956],
[5.3300],
[5.2663],
[5.2046],
[5.1447],
[5.0866],
[5.0302],
[4.9753],
[4.9221],
[4.8703],
[4.8200],
[4.7711],
[4.7235],
[4.6773]]